[Documentation]
information1 = This file stores the OID assignments for resources defined in this IG.
information2 = It must be added to git and committed when resources are added or their id is changed
information3 = You should not generally need to edit this file, but if you do:
information4 =  (a) you can change the id of a resource (left side) if you change it's actual id in your source, to maintain OID consistency
information5 =  (b) you can change the oid of the resource to an OID you assign manually. If you really know what you're doing with OIDs
information6 = There is never a reason to edit anything else

[Key]
CodeSystem = 1
ValueSet = 8
StructureDefinition = 7
CapabilityStatement = 1
PlanDefinition = 1

[CodeSystem]
respnet-report-context = 2.16.840.1.113883.4.642.40.52.16.1

[ValueSet]
resp-net-ari-test-codes = 2.16.840.1.113883.4.642.40.52.48.1
resp-net-labtest-covid-codes = 2.16.840.1.113883.4.642.40.52.48.2
resp-net-labtest-flu-rsv-covid-codes = 2.16.840.1.113883.4.642.40.52.48.3
resp-net-labtest-flu-codes = 2.16.840.1.113883.4.642.40.52.48.4
resp-net-labtest-rsv-codes = 2.16.840.1.113883.4.642.40.52.48.5
resp-net-negative-result-codes = 2.16.840.1.113883.4.642.40.52.48.6
resp-net-positive-result-codes = 2.16.840.1.113883.4.642.40.52.48.7
respnet-report-context-codes = 2.16.840.1.113883.4.642.40.52.48.8

[StructureDefinition]
resp-net-content-bundle = 2.16.840.1.113883.4.642.40.52.42.1
resp-net-reporting-bundle = 2.16.840.1.113883.4.642.40.52.42.2
us-ph-patient = 2.16.840.1.113883.4.642.40.52.42.3
respnet-plandefinition = 2.16.840.1.113883.4.642.40.52.42.4
resp-net-composition = 2.16.840.1.113883.4.642.40.52.42.5
respnet-report-context-extension = 2.16.840.1.113883.4.642.40.52.42.6
resp-net-medicationstatement = 2.16.840.1.113883.4.642.40.52.42.7

[CapabilityStatement]
resp-net-data-source = 2.16.840.1.113883.4.642.40.52.13.1

[PlanDefinition]
plandefinition-example = 2.16.840.1.113883.4.642.40.52.34.1

